257
45568
40966
33
47104
49152
27393
36878
34830
40976
34
8961
40966
33
2337
43008
1288
1792
23040
3363
29696
13569
27905
36889
32794
5632
18432
1059
9473
27904
38930
3874
43008
51200
51200
51200
257
45568
40966
33
47104
49152
27393
36878
34830
40976
34
8961
40966
33
2337
43008
1288
1792
23040
3363
29696
13569
27905
36889
32794
5632
18432
1059
9473
27904
38930
3874
43008
51200
51200
51200
256
26886
36873
45568
46080
4736
47616
4353
32769
49152
45056
1022
4160
47104
49152
257
768
46080
26752
36872
4608
4353
32771
47616
49152
257
768
46080
26752
36872
4608
4353
32771
47616
49152
0
0
0
0
0
0
0
0
0
0
0
0
0
0
0
0
0
0
0
0
0
0
0
0
0
0
0
0
0
0
0
0
0
0
0
0
0
0
0
0
0
0
0
0
0
0
0
0
0
0
0
0
0
0
0
0
0
0
0
0
0
0
0
0
0
0
0
0
0
0
0
0
0
0
0
0
0
0
0
0
0
0
0
0
0
0
0
0
0
0
0
0
0
0
0
0
0
0
0
0
0
0
0
0
0
0
0
0
0
0
0
0
0
0
0
0
0
0
0
0
0
0
0
0
0
0
0
0
0
0
0
0
0
0
0
0
0
0
0
0
0
0
0
0
0
0
0
0
0
